1 5 0 4 8 9 0 0 6 
7 3 0 0 0 0 0 4 0 
0 0 0 0 0 1 2 9 5 
0 0 7 1 2 0 6 0 0 
5 0 0 7 0 3 0 0 8 
0 0 6 0 9 5 7 0 0 
9 1 4 6 0 0 0 0 0 
0 2 0 0 0 0 0 3 7 
8 0 0 5 1 2 0 0 4 

1 5 2 4 8 9 0 0 6 
7 3 0 0 0 0 0 4 0 
0 0 0 0 0 1 2 9 5 
0 0 7 1 2 0 6 0 0 
5 0 0 7 0 3 0 0 8 
0 0 6 0 9 5 7 0 0 
9 1 4 6 0 0 0 0 0 
0 2 0 0 0 0 0 3 7 
8 0 0 5 1 2 0 0 4 

1 5 2 4 8 9 3 0 6 
7 3 0 0 0 0 0 4 0 
0 0 0 0 0 1 2 9 5 
0 0 7 1 2 0 6 0 0 
5 0 0 7 0 3 0 0 8 
0 0 6 0 9 5 7 0 0 
9 1 4 6 0 0 0 0 0 
0 2 0 0 0 0 0 3 7 
8 0 0 5 1 2 0 0 4 

1 5 2 4 8 9 3 7 6 
7 3 0 0 0 0 0 4 0 
0 0 0 0 0 1 2 9 5 
0 0 7 1 2 0 6 0 0 
5 0 0 7 0 3 0 0 8 
0 0 6 0 9 5 7 0 0 
9 1 4 6 0 0 0 0 0 
0 2 0 0 0 0 0 3 7 
8 0 0 5 1 2 0 0 4 

1 5 2 4 8 9 3 7 6 
7 3 8 0 0 0 0 4 0 
0 0 0 0 0 1 2 9 5 
0 0 7 1 2 0 6 0 0 
5 0 0 7 0 3 0 0 8 
0 0 6 0 9 5 7 0 0 
9 1 4 6 0 0 0 0 0 
0 2 0 0 0 0 0 3 7 
8 0 0 5 1 2 0 0 4 

1 5 2 4 8 9 3 7 6 
7 3 9 0 0 0 0 4 0 
0 0 0 0 0 1 2 9 5 
0 0 7 1 2 0 6 0 0 
5 0 0 7 0 3 0 0 8 
0 0 6 0 9 5 7 0 0 
9 1 4 6 0 0 0 0 0 
0 2 0 0 0 0 0 3 7 
8 0 0 5 1 2 0 0 4 

1 5 2 4 8 9 3 7 6 
7 3 8 2 0 0 0 4 0 
0 0 0 0 0 1 2 9 5 
0 0 7 1 2 0 6 0 0 
5 0 0 7 0 3 0 0 8 
0 0 6 0 9 5 7 0 0 
9 1 4 6 0 0 0 0 0 
0 2 0 0 0 0 0 3 7 
8 0 0 5 1 2 0 0 4 

1 5 2 4 8 9 3 7 6 
7 3 9 2 0 0 0 4 0 
0 0 0 0 0 1 2 9 5 
0 0 7 1 2 0 6 0 0 
5 0 0 7 0 3 0 0 8 
0 0 6 0 9 5 7 0 0 
9 1 4 6 0 0 0 0 0 
0 2 0 0 0 0 0 3 7 
8 0 0 5 1 2 0 0 4 

1 5 2 4 8 9 3 7 6 
7 3 8 2 5 0 0 4 0 
0 0 0 0 0 1 2 9 5 
0 0 7 1 2 0 6 0 0 
5 0 0 7 0 3 0 0 8 
0 0 6 0 9 5 7 0 0 
9 1 4 6 0 0 0 0 0 
0 2 0 0 0 0 0 3 7 
8 0 0 5 1 2 0 0 4 

1 5 2 4 8 9 3 7 6 
7 3 8 2 6 0 0 4 0 
0 0 0 0 0 1 2 9 5 
0 0 7 1 2 0 6 0 0 
5 0 0 7 0 3 0 0 8 
0 0 6 0 9 5 7 0 0 
9 1 4 6 0 0 0 0 0 
0 2 0 0 0 0 0 3 7 
8 0 0 5 1 2 0 0 4 

1 5 2 4 8 9 3 7 6 
7 3 9 2 5 0 0 4 0 
0 0 0 0 0 1 2 9 5 
0 0 7 1 2 0 6 0 0 
5 0 0 7 0 3 0 0 8 
0 0 6 0 9 5 7 0 0 
9 1 4 6 0 0 0 0 0 
0 2 0 0 0 0 0 3 7 
8 0 0 5 1 2 0 0 4 

1 5 2 4 8 9 3 7 6 
7 3 9 2 6 0 0 4 0 
0 0 0 0 0 1 2 9 5 
0 0 7 1 2 0 6 0 0 
5 0 0 7 0 3 0 0 8 
0 0 6 0 9 5 7 0 0 
9 1 4 6 0 0 0 0 0 
0 2 0 0 0 0 0 3 7 
8 0 0 5 1 2 0 0 4 

1 5 2 4 8 9 3 7 6 
7 3 8 2 5 6 0 4 0 
0 0 0 0 0 1 2 9 5 
0 0 7 1 2 0 6 0 0 
5 0 0 7 0 3 0 0 8 
0 0 6 0 9 5 7 0 0 
9 1 4 6 0 0 0 0 0 
0 2 0 0 0 0 0 3 7 
8 0 0 5 1 2 0 0 4 

1 5 2 4 8 9 3 7 6 
7 3 9 2 5 6 0 4 0 
0 0 0 0 0 1 2 9 5 
0 0 7 1 2 0 6 0 0 
5 0 0 7 0 3 0 0 8 
0 0 6 0 9 5 7 0 0 
9 1 4 6 0 0 0 0 0 
0 2 0 0 0 0 0 3 7 
8 0 0 5 1 2 0 0 4 

1 5 2 4 8 9 3 7 6 
7 3 8 2 5 6 1 4 0 
0 0 0 0 0 1 2 9 5 
0 0 7 1 2 0 6 0 0 
5 0 0 7 0 3 0 0 8 
0 0 6 0 9 5 7 0 0 
9 1 4 6 0 0 0 0 0 
0 2 0 0 0 0 0 3 7 
8 0 0 5 1 2 0 0 4 

1 5 2 4 8 9 3 7 6 
7 3 9 2 5 6 1 4 0 
0 0 0 0 0 1 2 9 5 
0 0 7 1 2 0 6 0 0 
5 0 0 7 0 3 0 0 8 
0 0 6 0 9 5 7 0 0 
9 1 4 6 0 0 0 0 0 
0 2 0 0 0 0 0 3 7 
8 0 0 5 1 2 0 0 4 

1 5 2 4 8 9 3 7 6 
7 3 9 2 5 6 8 4 0 
0 0 0 0 0 1 2 9 5 
0 0 7 1 2 0 6 0 0 
5 0 0 7 0 3 0 0 8 
0 0 6 0 9 5 7 0 0 
9 1 4 6 0 0 0 0 0 
0 2 0 0 0 0 0 3 7 
8 0 0 5 1 2 0 0 4 

1 5 2 4 8 9 3 7 6 
7 3 9 2 5 6 8 4 1 
0 0 0 0 0 1 2 9 5 
0 0 7 1 2 0 6 0 0 
5 0 0 7 0 3 0 0 8 
0 0 6 0 9 5 7 0 0 
9 1 4 6 0 0 0 0 0 
0 2 0 0 0 0 0 3 7 
8 0 0 5 1 2 0 0 4 

1 5 2 4 8 9 3 7 6 
7 3 9 2 5 6 8 4 1 
4 0 0 0 0 1 2 9 5 
0 0 7 1 2 0 6 0 0 
5 0 0 7 0 3 0 0 8 
0 0 6 0 9 5 7 0 0 
9 1 4 6 0 0 0 0 0 
0 2 0 0 0 0 0 3 7 
8 0 0 5 1 2 0 0 4 

1 5 2 4 8 9 3 7 6 
7 3 9 2 5 6 8 4 1 
6 0 0 0 0 1 2 9 5 
0 0 7 1 2 0 6 0 0 
5 0 0 7 0 3 0 0 8 
0 0 6 0 9 5 7 0 0 
9 1 4 6 0 0 0 0 0 
0 2 0 0 0 0 0 3 7 
8 0 0 5 1 2 0 0 4 

1 5 2 4 8 9 3 7 6 
7 3 9 2 5 6 8 4 1 
4 6 0 0 0 1 2 9 5 
0 0 7 1 2 0 6 0 0 
5 0 0 7 0 3 0 0 8 
0 0 6 0 9 5 7 0 0 
9 1 4 6 0 0 0 0 0 
0 2 0 0 0 0 0 3 7 
8 0 0 5 1 2 0 0 4 

1 5 2 4 8 9 3 7 6 
7 3 9 2 5 6 8 4 1 
4 8 0 0 0 1 2 9 5 
0 0 7 1 2 0 6 0 0 
5 0 0 7 0 3 0 0 8 
0 0 6 0 9 5 7 0 0 
9 1 4 6 0 0 0 0 0 
0 2 0 0 0 0 0 3 7 
8 0 0 5 1 2 0 0 4 

1 5 2 4 8 9 3 7 6 
7 3 9 2 5 6 8 4 1 
6 4 0 0 0 1 2 9 5 
0 0 7 1 2 0 6 0 0 
5 0 0 7 0 3 0 0 8 
0 0 6 0 9 5 7 0 0 
9 1 4 6 0 0 0 0 0 
0 2 0 0 0 0 0 3 7 
8 0 0 5 1 2 0 0 4 

1 5 2 4 8 9 3 7 6 
7 3 9 2 5 6 8 4 1 
6 8 0 0 0 1 2 9 5 
0 0 7 1 2 0 6 0 0 
5 0 0 7 0 3 0 0 8 
0 0 6 0 9 5 7 0 0 
9 1 4 6 0 0 0 0 0 
0 2 0 0 0 0 0 3 7 
8 0 0 5 1 2 0 0 4 

1 5 2 4 8 9 3 7 6 
7 3 9 2 5 6 8 4 1 
4 6 8 0 0 1 2 9 5 
0 0 7 1 2 0 6 0 0 
5 0 0 7 0 3 0 0 8 
0 0 6 0 9 5 7 0 0 
9 1 4 6 0 0 0 0 0 
0 2 0 0 0 0 0 3 7 
8 0 0 5 1 2 0 0 4 

1 5 2 4 8 9 3 7 6 
7 3 9 2 5 6 8 4 1 
6 4 8 0 0 1 2 9 5 
0 0 7 1 2 0 6 0 0 
5 0 0 7 0 3 0 0 8 
0 0 6 0 9 5 7 0 0 
9 1 4 6 0 0 0 0 0 
0 2 0 0 0 0 0 3 7 
8 0 0 5 1 2 0 0 4 

1 5 2 4 8 9 3 7 6 
7 3 9 2 5 6 8 4 1 
4 6 8 3 0 1 2 9 5 
0 0 7 1 2 0 6 0 0 
5 0 0 7 0 3 0 0 8 
0 0 6 0 9 5 7 0 0 
9 1 4 6 0 0 0 0 0 
0 2 0 0 0 0 0 3 7 
8 0 0 5 1 2 0 0 4 

1 5 2 4 8 9 3 7 6 
7 3 9 2 5 6 8 4 1 
6 4 8 3 0 1 2 9 5 
0 0 7 1 2 0 6 0 0 
5 0 0 7 0 3 0 0 8 
0 0 6 0 9 5 7 0 0 
9 1 4 6 0 0 0 0 0 
0 2 0 0 0 0 0 3 7 
8 0 0 5 1 2 0 0 4 

1 5 2 4 8 9 3 7 6 
7 3 9 2 5 6 8 4 1 
4 6 8 3 7 1 2 9 5 
0 0 7 1 2 0 6 0 0 
5 0 0 7 0 3 0 0 8 
0 0 6 0 9 5 7 0 0 
9 1 4 6 0 0 0 0 0 
0 2 0 0 0 0 0 3 7 
8 0 0 5 1 2 0 0 4 

1 5 2 4 8 9 3 7 6 
7 3 9 2 5 6 8 4 1 
6 4 8 3 7 1 2 9 5 
0 0 7 1 2 0 6 0 0 
5 0 0 7 0 3 0 0 8 
0 0 6 0 9 5 7 0 0 
9 1 4 6 0 0 0 0 0 
0 2 0 0 0 0 0 3 7 
8 0 0 5 1 2 0 0 4 

1 5 2 4 8 9 3 7 6 
7 3 9 2 5 6 8 4 1 
4 6 8 3 7 1 2 9 5 
3 0 7 1 2 0 6 0 0 
5 0 0 7 0 3 0 0 8 
0 0 6 0 9 5 7 0 0 
9 1 4 6 0 0 0 0 0 
0 2 0 0 0 0 0 3 7 
8 0 0 5 1 2 0 0 4 

1 5 2 4 8 9 3 7 6 
7 3 9 2 5 6 8 4 1 
6 4 8 3 7 1 2 9 5 
3 0 7 1 2 0 6 0 0 
5 0 0 7 0 3 0 0 8 
0 0 6 0 9 5 7 0 0 
9 1 4 6 0 0 0 0 0 
0 2 0 0 0 0 0 3 7 
8 0 0 5 1 2 0 0 4 

1 5 2 4 8 9 3 7 6 
7 3 9 2 5 6 8 4 1 
6 4 8 3 7 1 2 9 5 
4 0 7 1 2 0 6 0 0 
5 0 0 7 0 3 0 0 8 
0 0 6 0 9 5 7 0 0 
9 1 4 6 0 0 0 0 0 
0 2 0 0 0 0 0 3 7 
8 0 0 5 1 2 0 0 4 

1 5 2 4 8 9 3 7 6 
7 3 9 2 5 6 8 4 1 
4 6 8 3 7 1 2 9 5 
3 4 7 1 2 0 6 0 0 
5 0 0 7 0 3 0 0 8 
0 0 6 0 9 5 7 0 0 
9 1 4 6 0 0 0 0 0 
0 2 0 0 0 0 0 3 7 
8 0 0 5 1 2 0 0 4 

1 5 2 4 8 9 3 7 6 
7 3 9 2 5 6 8 4 1 
4 6 8 3 7 1 2 9 5 
3 8 7 1 2 0 6 0 0 
5 0 0 7 0 3 0 0 8 
0 0 6 0 9 5 7 0 0 
9 1 4 6 0 0 0 0 0 
0 2 0 0 0 0 0 3 7 
8 0 0 5 1 2 0 0 4 

1 5 2 4 8 9 3 7 6 
7 3 9 2 5 6 8 4 1 
4 6 8 3 7 1 2 9 5 
3 9 7 1 2 0 6 0 0 
5 0 0 7 0 3 0 0 8 
0 0 6 0 9 5 7 0 0 
9 1 4 6 0 0 0 0 0 
0 2 0 0 0 0 0 3 7 
8 0 0 5 1 2 0 0 4 

1 5 2 4 8 9 3 7 6 
7 3 9 2 5 6 8 4 1 
6 4 8 3 7 1 2 9 5 
3 8 7 1 2 0 6 0 0 
5 0 0 7 0 3 0 0 8 
0 0 6 0 9 5 7 0 0 
9 1 4 6 0 0 0 0 0 
0 2 0 0 0 0 0 3 7 
8 0 0 5 1 2 0 0 4 

1 5 2 4 8 9 3 7 6 
7 3 9 2 5 6 8 4 1 
6 4 8 3 7 1 2 9 5 
3 9 7 1 2 0 6 0 0 
5 0 0 7 0 3 0 0 8 
0 0 6 0 9 5 7 0 0 
9 1 4 6 0 0 0 0 0 
0 2 0 0 0 0 0 3 7 
8 0 0 5 1 2 0 0 4 

1 5 2 4 8 9 3 7 6 
7 3 9 2 5 6 8 4 1 
6 4 8 3 7 1 2 9 5 
4 8 7 1 2 0 6 0 0 
5 0 0 7 0 3 0 0 8 
0 0 6 0 9 5 7 0 0 
9 1 4 6 0 0 0 0 0 
0 2 0 0 0 0 0 3 7 
8 0 0 5 1 2 0 0 4 

1 5 2 4 8 9 3 7 6 
7 3 9 2 5 6 8 4 1 
6 4 8 3 7 1 2 9 5 
4 9 7 1 2 0 6 0 0 
5 0 0 7 0 3 0 0 8 
0 0 6 0 9 5 7 0 0 
9 1 4 6 0 0 0 0 0 
0 2 0 0 0 0 0 3 7 
8 0 0 5 1 2 0 0 4 

1 5 2 4 8 9 3 7 6 
7 3 9 2 5 6 8 4 1 
4 6 8 3 7 1 2 9 5 
3 4 7 1 2 8 6 0 0 
5 0 0 7 0 3 0 0 8 
0 0 6 0 9 5 7 0 0 
9 1 4 6 0 0 0 0 0 
0 2 0 0 0 0 0 3 7 
8 0 0 5 1 2 0 0 4 

1 5 2 4 8 9 3 7 6 
7 3 9 2 5 6 8 4 1 
4 6 8 3 7 1 2 9 5 
3 8 7 1 2 4 6 0 0 
5 0 0 7 0 3 0 0 8 
0 0 6 0 9 5 7 0 0 
9 1 4 6 0 0 0 0 0 
0 2 0 0 0 0 0 3 7 
8 0 0 5 1 2 0 0 4 

1 5 2 4 8 9 3 7 6 
7 3 9 2 5 6 8 4 1 
4 6 8 3 7 1 2 9 5 
3 9 7 1 2 4 6 0 0 
5 0 0 7 0 3 0 0 8 
0 0 6 0 9 5 7 0 0 
9 1 4 6 0 0 0 0 0 
0 2 0 0 0 0 0 3 7 
8 0 0 5 1 2 0 0 4 

1 5 2 4 8 9 3 7 6 
7 3 9 2 5 6 8 4 1 
4 6 8 3 7 1 2 9 5 
3 9 7 1 2 8 6 0 0 
5 0 0 7 0 3 0 0 8 
0 0 6 0 9 5 7 0 0 
9 1 4 6 0 0 0 0 0 
0 2 0 0 0 0 0 3 7 
8 0 0 5 1 2 0 0 4 

1 5 2 4 8 9 3 7 6 
7 3 9 2 5 6 8 4 1 
6 4 8 3 7 1 2 9 5 
3 8 7 1 2 4 6 0 0 
5 0 0 7 0 3 0 0 8 
0 0 6 0 9 5 7 0 0 
9 1 4 6 0 0 0 0 0 
0 2 0 0 0 0 0 3 7 
8 0 0 5 1 2 0 0 4 

1 5 2 4 8 9 3 7 6 
7 3 9 2 5 6 8 4 1 
6 4 8 3 7 1 2 9 5 
3 9 7 1 2 4 6 0 0 
5 0 0 7 0 3 0 0 8 
0 0 6 0 9 5 7 0 0 
9 1 4 6 0 0 0 0 0 
0 2 0 0 0 0 0 3 7 
8 0 0 5 1 2 0 0 4 

1 5 2 4 8 9 3 7 6 
7 3 9 2 5 6 8 4 1 
6 4 8 3 7 1 2 9 5 
3 9 7 1 2 8 6 0 0 
5 0 0 7 0 3 0 0 8 
0 0 6 0 9 5 7 0 0 
9 1 4 6 0 0 0 0 0 
0 2 0 0 0 0 0 3 7 
8 0 0 5 1 2 0 0 4 

1 5 2 4 8 9 3 7 6 
7 3 9 2 5 6 8 4 1 
6 4 8 3 7 1 2 9 5 
4 9 7 1 2 8 6 0 0 
5 0 0 7 0 3 0 0 8 
0 0 6 0 9 5 7 0 0 
9 1 4 6 0 0 0 0 0 
0 2 0 0 0 0 0 3 7 
8 0 0 5 1 2 0 0 4 

1 5 2 4 8 9 3 7 6 
7 3 9 2 5 6 8 4 1 
4 6 8 3 7 1 2 9 5 
3 4 7 1 2 8 6 5 0 
5 0 0 7 0 3 0 0 8 
0 0 6 0 9 5 7 0 0 
9 1 4 6 0 0 0 0 0 
0 2 0 0 0 0 0 3 7 
8 0 0 5 1 2 0 0 4 

1 5 2 4 8 9 3 7 6 
7 3 9 2 5 6 8 4 1 
4 6 8 3 7 1 2 9 5 
3 8 7 1 2 4 6 5 0 
5 0 0 7 0 3 0 0 8 
0 0 6 0 9 5 7 0 0 
9 1 4 6 0 0 0 0 0 
0 2 0 0 0 0 0 3 7 
8 0 0 5 1 2 0 0 4 

1 5 2 4 8 9 3 7 6 
7 3 9 2 5 6 8 4 1 
4 6 8 3 7 1 2 9 5 
3 9 7 1 2 4 6 5 0 
5 0 0 7 0 3 0 0 8 
0 0 6 0 9 5 7 0 0 
9 1 4 6 0 0 0 0 0 
0 2 0 0 0 0 0 3 7 
8 0 0 5 1 2 0 0 4 

1 5 2 4 8 9 3 7 6 
7 3 9 2 5 6 8 4 1 
4 6 8 3 7 1 2 9 5 
3 9 7 1 2 8 6 5 0 
5 0 0 7 0 3 0 0 8 
0 0 6 0 9 5 7 0 0 
9 1 4 6 0 0 0 0 0 
0 2 0 0 0 0 0 3 7 
8 0 0 5 1 2 0 0 4 

1 5 2 4 8 9 3 7 6 
7 3 9 2 5 6 8 4 1 
6 4 8 3 7 1 2 9 5 
3 8 7 1 2 4 6 5 0 
5 0 0 7 0 3 0 0 8 
0 0 6 0 9 5 7 0 0 
9 1 4 6 0 0 0 0 0 
0 2 0 0 0 0 0 3 7 
8 0 0 5 1 2 0 0 4 

1 5 2 4 8 9 3 7 6 
7 3 9 2 5 6 8 4 1 
6 4 8 3 7 1 2 9 5 
3 9 7 1 2 4 6 5 0 
5 0 0 7 0 3 0 0 8 
0 0 6 0 9 5 7 0 0 
9 1 4 6 0 0 0 0 0 
0 2 0 0 0 0 0 3 7 
8 0 0 5 1 2 0 0 4 

1 5 2 4 8 9 3 7 6 
7 3 9 2 5 6 8 4 1 
6 4 8 3 7 1 2 9 5 
3 9 7 1 2 8 6 5 0 
5 0 0 7 0 3 0 0 8 
0 0 6 0 9 5 7 0 0 
9 1 4 6 0 0 0 0 0 
0 2 0 0 0 0 0 3 7 
8 0 0 5 1 2 0 0 4 

1 5 2 4 8 9 3 7 6 
7 3 9 2 5 6 8 4 1 
6 4 8 3 7 1 2 9 5 
4 9 7 1 2 8 6 5 0 
5 0 0 7 0 3 0 0 8 
0 0 6 0 9 5 7 0 0 
9 1 4 6 0 0 0 0 0 
0 2 0 0 0 0 0 3 7 
8 0 0 5 1 2 0 0 4 

1 5 2 4 8 9 3 7 6 
7 3 9 2 5 6 8 4 1 
4 6 8 3 7 1 2 9 5 
3 4 7 1 2 8 6 5 9 
5 0 0 7 0 3 0 0 8 
0 0 6 0 9 5 7 0 0 
9 1 4 6 0 0 0 0 0 
0 2 0 0 0 0 0 3 7 
8 0 0 5 1 2 0 0 4 

1 5 2 4 8 9 3 7 6 
7 3 9 2 5 6 8 4 1 
4 6 8 3 7 1 2 9 5 
3 8 7 1 2 4 6 5 9 
5 0 0 7 0 3 0 0 8 
0 0 6 0 9 5 7 0 0 
9 1 4 6 0 0 0 0 0 
0 2 0 0 0 0 0 3 7 
8 0 0 5 1 2 0 0 4 

1 5 2 4 8 9 3 7 6 
7 3 9 2 5 6 8 4 1 
6 4 8 3 7 1 2 9 5 
3 8 7 1 2 4 6 5 9 
5 0 0 7 0 3 0 0 8 
0 0 6 0 9 5 7 0 0 
9 1 4 6 0 0 0 0 0 
0 2 0 0 0 0 0 3 7 
8 0 0 5 1 2 0 0 4 

1 5 2 4 8 9 3 7 6 
7 3 9 2 5 6 8 4 1 
6 4 8 3 7 1 2 9 5 
4 9 7 1 2 8 6 5 3 
5 0 0 7 0 3 0 0 8 
0 0 6 0 9 5 7 0 0 
9 1 4 6 0 0 0 0 0 
0 2 0 0 0 0 0 3 7 
8 0 0 5 1 2 0 0 4 

1 5 2 4 8 9 3 7 6 
7 3 9 2 5 6 8 4 1 
4 6 8 3 7 1 2 9 5 
3 4 7 1 2 8 6 5 9 
5 9 0 7 0 3 0 0 8 
0 0 6 0 9 5 7 0 0 
9 1 4 6 0 0 0 0 0 
0 2 0 0 0 0 0 3 7 
8 0 0 5 1 2 0 0 4 

1 5 2 4 8 9 3 7 6 
7 3 9 2 5 6 8 4 1 
4 6 8 3 7 1 2 9 5 
3 8 7 1 2 4 6 5 9 
5 4 0 7 0 3 0 0 8 
0 0 6 0 9 5 7 0 0 
9 1 4 6 0 0 0 0 0 
0 2 0 0 0 0 0 3 7 
8 0 0 5 1 2 0 0 4 

1 5 2 4 8 9 3 7 6 
7 3 9 2 5 6 8 4 1 
4 6 8 3 7 1 2 9 5 
3 8 7 1 2 4 6 5 9 
5 9 0 7 0 3 0 0 8 
0 0 6 0 9 5 7 0 0 
9 1 4 6 0 0 0 0 0 
0 2 0 0 0 0 0 3 7 
8 0 0 5 1 2 0 0 4 

1 5 2 4 8 9 3 7 6 
7 3 9 2 5 6 8 4 1 
6 4 8 3 7 1 2 9 5 
3 8 7 1 2 4 6 5 9 
5 9 0 7 0 3 0 0 8 
0 0 6 0 9 5 7 0 0 
9 1 4 6 0 0 0 0 0 
0 2 0 0 0 0 0 3 7 
8 0 0 5 1 2 0 0 4 

1 5 2 4 8 9 3 7 6 
7 3 9 2 5 6 8 4 1 
4 6 8 3 7 1 2 9 5 
3 4 7 1 2 8 6 5 9 
5 9 1 7 0 3 0 0 8 
0 0 6 0 9 5 7 0 0 
9 1 4 6 0 0 0 0 0 
0 2 0 0 0 0 0 3 7 
8 0 0 5 1 2 0 0 4 

1 5 2 4 8 9 3 7 6 
7 3 9 2 5 6 8 4 1 
4 6 8 3 7 1 2 9 5 
3 8 7 1 2 4 6 5 9 
5 4 1 7 0 3 0 0 8 
0 0 6 0 9 5 7 0 0 
9 1 4 6 0 0 0 0 0 
0 2 0 0 0 0 0 3 7 
8 0 0 5 1 2 0 0 4 

1 5 2 4 8 9 3 7 6 
7 3 9 2 5 6 8 4 1 
4 6 8 3 7 1 2 9 5 
3 8 7 1 2 4 6 5 9 
5 9 1 7 0 3 0 0 8 
0 0 6 0 9 5 7 0 0 
9 1 4 6 0 0 0 0 0 
0 2 0 0 0 0 0 3 7 
8 0 0 5 1 2 0 0 4 

1 5 2 4 8 9 3 7 6 
7 3 9 2 5 6 8 4 1 
6 4 8 3 7 1 2 9 5 
3 8 7 1 2 4 6 5 9 
5 9 1 7 0 3 0 0 8 
0 0 6 0 9 5 7 0 0 
9 1 4 6 0 0 0 0 0 
0 2 0 0 0 0 0 3 7 
8 0 0 5 1 2 0 0 4 

1 5 2 4 8 9 3 7 6 
7 3 9 2 5 6 8 4 1 
4 6 8 3 7 1 2 9 5 
3 4 7 1 2 8 6 5 9 
5 9 1 7 4 3 0 0 8 
0 0 6 0 9 5 7 0 0 
9 1 4 6 0 0 0 0 0 
0 2 0 0 0 0 0 3 7 
8 0 0 5 1 2 0 0 4 

1 5 2 4 8 9 3 7 6 
7 3 9 2 5 6 8 4 1 
4 6 8 3 7 1 2 9 5 
3 4 7 1 2 8 6 5 9 
5 9 1 7 6 3 0 0 8 
0 0 6 0 9 5 7 0 0 
9 1 4 6 0 0 0 0 0 
0 2 0 0 0 0 0 3 7 
8 0 0 5 1 2 0 0 4 

1 5 2 4 8 9 3 7 6 
7 3 9 2 5 6 8 4 1 
4 6 8 3 7 1 2 9 5 
3 8 7 1 2 4 6 5 9 
5 4 1 7 6 3 0 0 8 
0 0 6 0 9 5 7 0 0 
9 1 4 6 0 0 0 0 0 
0 2 0 0 0 0 0 3 7 
8 0 0 5 1 2 0 0 4 

1 5 2 4 8 9 3 7 6 
7 3 9 2 5 6 8 4 1 
4 6 8 3 7 1 2 9 5 
3 8 7 1 2 4 6 5 9 
5 9 1 7 6 3 0 0 8 
0 0 6 0 9 5 7 0 0 
9 1 4 6 0 0 0 0 0 
0 2 0 0 0 0 0 3 7 
8 0 0 5 1 2 0 0 4 

1 5 2 4 8 9 3 7 6 
7 3 9 2 5 6 8 4 1 
6 4 8 3 7 1 2 9 5 
3 8 7 1 2 4 6 5 9 
5 9 1 7 6 3 0 0 8 
0 0 6 0 9 5 7 0 0 
9 1 4 6 0 0 0 0 0 
0 2 0 0 0 0 0 3 7 
8 0 0 5 1 2 0 0 4 

1 5 2 4 8 9 3 7 6 
7 3 9 2 5 6 8 4 1 
4 6 8 3 7 1 2 9 5 
3 4 7 1 2 8 6 5 9 
5 9 1 7 6 3 4 0 8 
0 0 6 0 9 5 7 0 0 
9 1 4 6 0 0 0 0 0 
0 2 0 0 0 0 0 3 7 
8 0 0 5 1 2 0 0 4 

1 5 2 4 8 9 3 7 6 
7 3 9 2 5 6 8 4 1 
4 6 8 3 7 1 2 9 5 
3 8 7 1 2 4 6 5 9 
5 9 1 7 6 3 4 0 8 
0 0 6 0 9 5 7 0 0 
9 1 4 6 0 0 0 0 0 
0 2 0 0 0 0 0 3 7 
8 0 0 5 1 2 0 0 4 

1 5 2 4 8 9 3 7 6 
7 3 9 2 5 6 8 4 1 
6 4 8 3 7 1 2 9 5 
3 8 7 1 2 4 6 5 9 
5 9 1 7 6 3 4 0 8 
0 0 6 0 9 5 7 0 0 
9 1 4 6 0 0 0 0 0 
0 2 0 0 0 0 0 3 7 
8 0 0 5 1 2 0 0 4 

1 5 2 4 8 9 3 7 6 
7 3 9 2 5 6 8 4 1 
4 6 8 3 7 1 2 9 5 
3 4 7 1 2 8 6 5 9 
5 9 1 7 6 3 4 2 8 
0 0 6 0 9 5 7 0 0 
9 1 4 6 0 0 0 0 0 
0 2 0 0 0 0 0 3 7 
8 0 0 5 1 2 0 0 4 

1 5 2 4 8 9 3 7 6 
7 3 9 2 5 6 8 4 1 
4 6 8 3 7 1 2 9 5 
3 8 7 1 2 4 6 5 9 
5 9 1 7 6 3 4 2 8 
0 0 6 0 9 5 7 0 0 
9 1 4 6 0 0 0 0 0 
0 2 0 0 0 0 0 3 7 
8 0 0 5 1 2 0 0 4 

1 5 2 4 8 9 3 7 6 
7 3 9 2 5 6 8 4 1 
6 4 8 3 7 1 2 9 5 
3 8 7 1 2 4 6 5 9 
5 9 1 7 6 3 4 2 8 
0 0 6 0 9 5 7 0 0 
9 1 4 6 0 0 0 0 0 
0 2 0 0 0 0 0 3 7 
8 0 0 5 1 2 0 0 4 

1 5 2 4 8 9 3 7 6 
7 3 9 2 5 6 8 4 1 
4 6 8 3 7 1 2 9 5 
3 4 7 1 2 8 6 5 9 
5 9 1 7 6 3 4 2 8 
2 0 6 0 9 5 7 0 0 
9 1 4 6 0 0 0 0 0 
0 2 0 0 0 0 0 3 7 
8 0 0 5 1 2 0 0 4 

1 5 2 4 8 9 3 7 6 
7 3 9 2 5 6 8 4 1 
4 6 8 3 7 1 2 9 5 
3 8 7 1 2 4 6 5 9 
5 9 1 7 6 3 4 2 8 
2 0 6 0 9 5 7 0 0 
9 1 4 6 0 0 0 0 0 
0 2 0 0 0 0 0 3 7 
8 0 0 5 1 2 0 0 4 

1 5 2 4 8 9 3 7 6 
7 3 9 2 5 6 8 4 1 
6 4 8 3 7 1 2 9 5 
3 8 7 1 2 4 6 5 9 
5 9 1 7 6 3 4 2 8 
2 0 6 0 9 5 7 0 0 
9 1 4 6 0 0 0 0 0 
0 2 0 0 0 0 0 3 7 
8 0 0 5 1 2 0 0 4 

1 5 2 4 8 9 3 7 6 
7 3 9 2 5 6 8 4 1 
6 4 8 3 7 1 2 9 5 
3 8 7 1 2 4 6 5 9 
5 9 1 7 6 3 4 2 8 
4 0 6 0 9 5 7 0 0 
9 1 4 6 0 0 0 0 0 
0 2 0 0 0 0 0 3 7 
8 0 0 5 1 2 0 0 4 

1 5 2 4 8 9 3 7 6 
7 3 9 2 5 6 8 4 1 
4 6 8 3 7 1 2 9 5 
3 4 7 1 2 8 6 5 9 
5 9 1 7 6 3 4 2 8 
2 8 6 0 9 5 7 0 0 
9 1 4 6 0 0 0 0 0 
0 2 0 0 0 0 0 3 7 
8 0 0 5 1 2 0 0 4 

1 5 2 4 8 9 3 7 6 
7 3 9 2 5 6 8 4 1 
4 6 8 3 7 1 2 9 5 
3 8 7 1 2 4 6 5 9 
5 9 1 7 6 3 4 2 8 
2 4 6 0 9 5 7 0 0 
9 1 4 6 0 0 0 0 0 
0 2 0 0 0 0 0 3 7 
8 0 0 5 1 2 0 0 4 

1 5 2 4 8 9 3 7 6 
7 3 9 2 5 6 8 4 1 
4 6 8 3 7 1 2 9 5 
3 8 7 1 2 4 6 5 9 
5 9 1 7 6 3 4 2 8 
2 4 6 8 9 5 7 0 0 
9 1 4 6 0 0 0 0 0 
0 2 0 0 0 0 0 3 7 
8 0 0 5 1 2 0 0 4 

1 5 2 4 8 9 3 7 6 
7 3 9 2 5 6 8 4 1 
4 6 8 3 7 1 2 9 5 
3 8 7 1 2 4 6 5 9 
5 9 1 7 6 3 4 2 8 
2 4 6 8 9 5 7 1 0 
9 1 4 6 0 0 0 0 0 
0 2 0 0 0 0 0 3 7 
8 0 0 5 1 2 0 0 4 

1 5 2 4 8 9 3 7 6 
7 3 9 2 5 6 8 4 1 
4 6 8 3 7 1 2 9 5 
3 8 7 1 2 4 6 5 9 
5 9 1 7 6 3 4 2 8 
2 4 6 8 9 5 7 1 3 
9 1 4 6 0 0 0 0 0 
0 2 0 0 0 0 0 3 7 
8 0 0 5 1 2 0 0 4 

1 5 2 4 8 9 3 7 6 
7 3 9 2 5 6 8 4 1 
4 6 8 3 7 1 2 9 5 
3 8 7 1 2 4 6 5 9 
5 9 1 7 6 3 4 2 8 
2 4 6 8 9 5 7 1 3 
9 1 4 6 3 0 0 0 0 
0 2 0 0 0 0 0 3 7 
8 0 0 5 1 2 0 0 4 

1 5 2 4 8 9 3 7 6 
7 3 9 2 5 6 8 4 1 
4 6 8 3 7 1 2 9 5 
3 8 7 1 2 4 6 5 9 
5 9 1 7 6 3 4 2 8 
2 4 6 8 9 5 7 1 3 
9 1 4 6 3 7 0 0 0 
0 2 0 0 0 0 0 3 7 
8 0 0 5 1 2 0 0 4 

1 5 2 4 8 9 3 7 6 
7 3 9 2 5 6 8 4 1 
4 6 8 3 7 1 2 9 5 
3 8 7 1 2 4 6 5 9 
5 9 1 7 6 3 4 2 8 
2 4 6 8 9 5 7 1 3 
9 1 4 6 3 8 0 0 0 
0 2 0 0 0 0 0 3 7 
8 0 0 5 1 2 0 0 4 

1 5 2 4 8 9 3 7 6 
7 3 9 2 5 6 8 4 1 
4 6 8 3 7 1 2 9 5 
3 8 7 1 2 4 6 5 9 
5 9 1 7 6 3 4 2 8 
2 4 6 8 9 5 7 1 3 
9 1 4 6 3 7 5 0 0 
0 2 0 0 0 0 0 3 7 
8 0 0 5 1 2 0 0 4 

1 5 2 4 8 9 3 7 6 
7 3 9 2 5 6 8 4 1 
4 6 8 3 7 1 2 9 5 
3 8 7 1 2 4 6 5 9 
5 9 1 7 6 3 4 2 8 
2 4 6 8 9 5 7 1 3 
9 1 4 6 3 8 5 0 0 
0 2 0 0 0 0 0 3 7 
8 0 0 5 1 2 0 0 4 

1 5 2 4 8 9 3 7 6 
7 3 9 2 5 6 8 4 1 
4 6 8 3 7 1 2 9 5 
3 8 7 1 2 4 6 5 9 
5 9 1 7 6 3 4 2 8 
2 4 6 8 9 5 7 1 3 
9 1 4 6 3 7 5 8 0 
0 2 0 0 0 0 0 3 7 
8 0 0 5 1 2 0 0 4 

1 5 2 4 8 9 3 7 6 
7 3 9 2 5 6 8 4 1 
4 6 8 3 7 1 2 9 5 
3 8 7 1 2 4 6 5 9 
5 9 1 7 6 3 4 2 8 
2 4 6 8 9 5 7 1 3 
9 1 4 6 3 7 5 8 2 
0 2 0 0 0 0 0 3 7 
8 0 0 5 1 2 0 0 4 

1 5 2 4 8 9 3 7 6 
7 3 9 2 5 6 8 4 1 
4 6 8 3 7 1 2 9 5 
3 8 7 1 2 4 6 5 9 
5 9 1 7 6 3 4 2 8 
2 4 6 8 9 5 7 1 3 
9 1 4 6 3 7 5 8 2 
6 2 0 0 0 0 0 3 7 
8 0 0 5 1 2 0 0 4 

1 5 2 4 8 9 3 7 6 
7 3 9 2 5 6 8 4 1 
4 6 8 3 7 1 2 9 5 
3 8 7 1 2 4 6 5 9 
5 9 1 7 6 3 4 2 8 
2 4 6 8 9 5 7 1 3 
9 1 4 6 3 7 5 8 2 
6 2 5 0 0 0 0 3 7 
8 0 0 5 1 2 0 0 4 

1 5 2 4 8 9 3 7 6 
7 3 9 2 5 6 8 4 1 
4 6 8 3 7 1 2 9 5 
3 8 7 1 2 4 6 5 9 
5 9 1 7 6 3 4 2 8 
2 4 6 8 9 5 7 1 3 
9 1 4 6 3 7 5 8 2 
6 2 5 9 0 0 0 3 7 
8 0 0 5 1 2 0 0 4 

1 5 2 4 8 9 3 7 6 
7 3 9 2 5 6 8 4 1 
4 6 8 3 7 1 2 9 5 
3 8 7 1 2 4 6 5 9 
5 9 1 7 6 3 4 2 8 
2 4 6 8 9 5 7 1 3 
9 1 4 6 3 7 5 8 2 
6 2 5 9 4 0 0 3 7 
8 0 0 5 1 2 0 0 4 

1 5 2 4 8 9 3 7 6 
7 3 9 2 5 6 8 4 1 
4 6 8 3 7 1 2 9 5 
3 8 7 1 2 4 6 5 9 
5 9 1 7 6 3 4 2 8 
2 4 6 8 9 5 7 1 3 
9 1 4 6 3 7 5 8 2 
6 2 5 9 4 8 0 3 7 
8 0 0 5 1 2 0 0 4 

1 5 2 4 8 9 3 7 6 
7 3 9 2 5 6 8 4 1 
4 6 8 3 7 1 2 9 5 
3 8 7 1 2 4 6 5 9 
5 9 1 7 6 3 4 2 8 
2 4 6 8 9 5 7 1 3 
9 1 4 6 3 7 5 8 2 
6 2 5 9 4 8 1 3 7 
8 0 0 5 1 2 0 0 4 

1 5 2 4 8 9 3 7 6 
7 3 9 2 5 6 8 4 1 
4 6 8 3 7 1 2 9 5 
3 8 7 1 2 4 6 5 9 
5 9 1 7 6 3 4 2 8 
2 4 6 8 9 5 7 1 3 
9 1 4 6 3 7 5 8 2 
6 2 5 9 4 8 1 3 7 
8 7 0 5 1 2 0 0 4 

1 5 2 4 8 9 3 7 6 
7 3 9 2 5 6 8 4 1 
4 6 8 3 7 1 2 9 5 
3 8 7 1 2 4 6 5 9 
5 9 1 7 6 3 4 2 8 
2 4 6 8 9 5 7 1 3 
9 1 4 6 3 7 5 8 2 
6 2 5 9 4 8 1 3 7 
8 7 3 5 1 2 0 0 4 

1 5 2 4 8 9 3 7 6 
7 3 9 2 5 6 8 4 1 
4 6 8 3 7 1 2 9 5 
3 8 7 1 2 4 6 5 9 
5 9 1 7 6 3 4 2 8 
2 4 6 8 9 5 7 1 3 
9 1 4 6 3 7 5 8 2 
6 2 5 9 4 8 1 3 7 
8 7 3 5 1 2 9 0 4 

1 5 2 4 8 9 3 7 6 
7 3 9 2 5 6 8 4 1 
4 6 8 3 7 1 2 9 5 
3 8 7 1 2 4 6 5 9 
5 9 1 7 6 3 4 2 8 
2 4 6 8 9 5 7 1 3 
9 1 4 6 3 7 5 8 2 
6 2 5 9 4 8 1 3 7 
8 7 3 5 1 2 9 6 4 

