000800420
500670000
000009005
740100000
009030700
000007048
800400000
000098003
095003000

56

000260701
680070090
190004500
820100040
004602900
050003028
009300074
040050036
703018000

45

100489006
730000040
000001295
007120600
500703008
006095700
914600000
020000037
800512004


003400006
054000720
080007400
000048000
068090350
000360000
009500040
016000970
300006100

52


001000050
800102004
040700900
100090700
000801000
008030005
006005040
500406008
030000500



000000000
000000000
000000000
000000000
000000000
000000000
000000000
000000000
000000000


295743861
431865927
876192543
387459216
612387495
549216738
763534189
928671354
154938672


100007090
030020008
009600500
005300900
010080002
600004000
300000010
041000007
007000300


